7138819767
9063514627
9295141502
9084033537
8575423065
3379018970
7194815325
9078298238
9209666799
3159164093
7043937413
2173035351
5404451863
5094067524
4052979058
9079648913
9796774741
8476659039
5306334456
9086080402
9174398351
4063445862
5052891764
8629954684
5046260586
6064586689
2534028807
2087841053
6142900183
8652327314
7155034713
6199649219
8567045926
9407542043
7323708604
5309953812
3124156508
7404163803
5032167231
2549650279
3234728471
3308104440
9146334768
5706721406
8282455563
6094891531
9064290838
8562972193
2624764035
8044619762
7728873575
6096511721
7634849097
9409828220
7313927038
2626898855
5623806692
2533215143
6149391111
9784140157
5025126024
7279092466
7758806866
5409851146
7634357978
9132544863
2086426351
7573236073
9704351894
3307797659
7132653436
6416167726
8153699380
2318146576
3018204610
3028527141
4138530234
6188216451
6414879881
6053061736
5079098233
9146065215
2094358828
5087818995
2695520788
5133049638
8565822199
2168508925
7162486053
6077828340
9375909606
2124966932
8563759496
7347033130
5703265518
5173774346
5408390525
3207501998
8163163146
7706554475
6102649451
4083601248
8455299312
6825624033
8315743749
3013097634
6073524500
9418431528
9133675108
6617761904
2076473975
4148734934
9529497157
4134576631
7178691550
8475977574
3175671938
7816198114
4782799426
6184604735
2605165709
7067826715
2039460241
6783658104
9364767615
9185512989
9852223586
6233077779
9204367449
8706887263
5206907991
7272867257
4247166066
5857202788
5626846250
4177199316
3617234605
2027082726
8707600574
2127147022
4705314272
4194000891
2486861220
7164660574
6076580389
6067837835
9183617852
2532718112
7728083703
8303020210
3033708485
9033734836
8605435525
6184991745
6155475093
6369468061
9157335473
5015786961
3087836581
4045402670
2174602071
8326679081
4053342188
5854954480
9066560459
5137579489
9725139762
6057786904
6367815316
5744642468
6173375332
3146806809
4107018842
4348567560
9542498262
5205960675
2395697005
8067876503
6123332804
4427451396
7049550421
5157608240
4047822269
2393270359
8058294200
6783155514
3027796355
8133010199
2173184015
5677016889
4142765551
8635408743
2392530494
7189674030
6055890824
3602285105
7733220463
6122797852
9852423903
3195451818
6269093828
6017053876
3372520485
3136309825
4252953558
3169088902
7049881603
2539124146
9373214355
9156258932
7154910428
6058798000
4796586001
7066064432
3055442662
5176599676
8453827399
6174185462
2694284536
6312393729
5755896038
7739510055
6314903820
2405355528
4013069902
2138452534
7146576217
6187127922
7609816519
8324571388
4232741020
2173189986
9719467351
7013040279
6147567872
5085674749
6087262901
4405221669
9149228939
3128550650
6463824530
5168969572
7188690514
8609422147
2185913526
3047527201
2089074631
4328897036
5304739072
5414288593
5739555933
2122172309
4024373533
8055387351
7652921518
5309435360
6572168073
3859681546
9893328279
8459736067
3366764331
3154304588
7703980060
9729861134
8652554382
2282438520
8655096998
3043399870
7312376396
2039037510
5808136649
6237282789
9096214985
3863504591
7659204006
5806395989
3049410638
5163797189
6169733387
7817181170
4329809184
8063887012
7189390542
2064598164
4146725415
4012459089
7156900304
6815452625
8598067116
2298798974
6303994040
7145584501
3039471268
7202373052
5803529945
7242957830
2564320202
9139077839
2814255657
3475988682
8102761941
9038523731
5637164586
4147122130
4797476491
7194911783
8312360552
2193929799
4018397577
3863712319
5672518927
4014291321
6107323625
5706049601
8175325194
7637773218
4128598998
9297689828
6607087140
9185405636
5108568613
2528026251
6314983935
2675174706
5027604365
3094326825
7157217351
7014935437
7166188308
4109712725
6608430171
4099126553
5096311708
3619694131
4794461859
7403068034
7279896395
9079786719
3098561023
2544200187
4324344289
8473936658
2816091796
2186511078
8166856610
9375909436
7164260615
5016632386
6622664732
9412522204
4178025814
2146385410
2057220879
5414756473
2316079652
9495023647
5734248229
4327574775
6108287910
6619078890
3376481514
9296765392
9734390434
6602371761
4254299011
5188010326
5029705140
2405833467
4843449108
3147859584
4257153088
4439909920
7573100462
6096025955
8304830078
7069963559
7727447073
2103860630
5015606522
7735488372
2675534403
9806229142
8068736139
2525911161
7639552446
9144466505
7327177462
6017359952
3143323993
9063450447
2694215642
6066098259
9702197142
4243142832
7209716969
4067129069
8587317274
4066376467
4015496894
4252168505
8106399016
9493033654
4807640992
3254604547
6028183425
3089224166
6519733511
3155394456
2088333588
3342962487
5085956649
4345133297
3023635661
3192301814
6014861378
2083540764
6165232019
3259869412
2627958387
6417831868
2169632939
3035015725
5419374621
5858024803
6102717545
7325415517
4193919912
3015134460
5159491384
6076008894
8649913882
7578436721
2123076241
9147236255
7186779433
6062710806
9368824239
8479790927
4089189154
7165785774
9152615456
6303629082
8654450311
7143427367
5043824206
4704670631
6574702228
7746674695
3617803740
8308988362
6618431292
8587586264
2259240801
3205750302
4254875103
8453834700
7066634193
5679238044
6189207176
5858065082
7857255118
4324285745
5028497730
4799620691
4329016397
9203510357
4436161896
9204927798
8123604900
7655699891
3196491542
8136183990
5057802071
4803856129
8508562917
6189370944
2245639943
3613372009
9252479950
4344354031
6827369728
5618568006
2766647005
2197310515
7404669856
6827045543
8282424563
5174755982
8327555493
4698340113
9188467688
6202288823
9153127329
2609081825
6418013852
9786369710
3153067967
8067689400
6414271216
3182542570
2165347737
2163618502
2512688268
8163170977
5756855797
9183480776
2564401394
4026868335
6469518542
6017377827
6265887234
8027866391
2519911531
8578876933
7077083390
8083327552
3614777898
6269260526
9158289000
8059527543
3018907948
8606407617
4057582071
3862816189
2624332426
2539071063
3464058377
5132462687
8315454822
2768510634
2564696463
8139318718
5748105349
3098756296
9162262268
6466707966
9152897744
8156964617
9403602049
6126635117
6629865353
7039437140
4197828848
2013929877
5759614495
9062716657
7748407965
4104814818
7198404546
9128833179
6319603066
9494283166
9569944246
5185748483
3379464211
4245210632
4329048646
8569461270
4058133428
5137800704
2099877372
8593033615
3527362546
2026549223
8622715106
8475510321
7575103518
7024797438
7042696794
9294779215
4138785559
3159026284
6574095888
5752960596
5859797848
6163574409
8124487965
4083319685
7403717645
5139606607
8142523411
8168420200
3855482466
6787485300
7866595885
6149486956
6157874380
7746360763
7186389089
9186186761
8126245393
2059548545
7708906894
6142559403
6318909377
4259603184
2064092193
5594318332
2622307358
6615584936
7086788771
3059389003
7139583937
2693225798
3157483815
8054261125
7704941720
6613736873
2107140127
2623102069
4692125705
2283748017
2034085422
5732176187
2609957897
9514905734
8327037991
7203472796
9418522013
3053440101
9709659630
6013435231
4098087865
9196208671
8569027561
4323070591
3868414977
3468193017
4806843889
8189366181
5853970575
9737217874
7607243893
4794179259
4429904610
3134715976
5189836559
4097857769
9404885581
6232015749
8453002355
8019465952
2059124109
7729897334
5123226181
5618381521
4046467832
6183882834
3186091119
2079364170
9899164690
2603219655
4107088073
6414153528
9517321108
6144448149
3098895982
5635997174
2057812027
4808595039
4693177512
6165048922
7317870330
6182013356
8287606953
8622965587
5744501884
5126258432
8062975137
5407374707
6264807869
5093620542
7167330960
6509006008
7084435658
8087525794
6095858381
7322914752
5053514878
2519818649
4247511791
8328656915
7322625111
4079462991
2343776213
6784593366
4324774780
2108477629
6238324559
6172430281
3234979506
8154171801
8084664147
2173088938
4255339894
2174561865
9256260568
6075715067
4355426805
4127498707
7739611107
2482648572
2562083149
2247387185
4065819250
3615772004
4175473453
9363526785
4354103455
6076549217
8626933542
6125898012
6066059005
9042258331
9129122572
3122601125
6173304806
2074461630
6205404980
3217305596
5173672683
6264300966
3024971339
8109437878
5808348411
9179165972
9378424489
9158596919
3092409714
2037313659
9525665127
7706564860
6186422989
5049907314
3612316697
5028624996
2524947245
4132409914
8107697494
9898336183
9194225599
7045394197
2017870668
8593549608
5058999461
2539220292
8637347746
5744918101
7813661203
7166899009
3088517421
3168592487
9196835016
4798308401
2819303872
7068559355
8175397741
8082861679
3865489990
7072246331
3094034777
2125077244
3084238013
4249566242
4023397414
3252082486
9518351873
7603302259
2769717102
6033477663
2345704075
5123486943
2026281181
2097731388
4064382999
9805100723
5133433659
8287054254
4408365985
3159852316
7145124682
7157535601
3092699234
4083595991
4147933187
7169573958
2253956457
5735258662
3178252197
7182601031
9529525769
2392503370
9032247723
7139128339
4105623889
5629154416
2679141542
2672588459
2089595546
7653102384
2057725677
2258139370
2819320746
3079609670
3084199273
8126880555
6016838111
7174754808
2569099280
8152728403
4024864762
3164129020
5616369234
6013559246
3027972275
5017907520
3369978518
5129775718
5407871244
8178177777
4237007030
5166504230
7609975999
5139409686
5402848109
9259758071
5185284580
5622393500
9895242087
7145018583
2198024678
8572953625
8705286558
8127874533
9283492990
9012641115
5089106489
9067577915
7195713311
9066559819
8599161030
2062768764
3176782393
2548043796
4403859668
5808726099
5158219047
4696570660
2253545089
3177643411
3076798661
4406800596
9319514672
4145279099
2134954240
2157098974
2816485438
3863449722
7739135732
4348896531
3128805886
4197875154
3055462072
5204459239
2317902231
5079985917
5109897512
9859254386
6166705796
2286191451
5189092955
4067877897
8103925405
5857997076
4707015507
9165106560
5095105177
9733481089
9019708592
9797991689
5414370097
6095489581
7346986465
8085783444
7242120150
8049941876
8576278252
2484733879
2039217612
6269133386
2609176255
7404928017
9522025936
7816902648
5167166579
7324485574
3207549771
4133794106
6467596267
5747275537
5737770765
3058549383
8015729627
6316772710
9705766059
7314108532
8478771264
4026037731
5745911716
3014751887
4352564890
5052290535
2409897770
4695348321
3205361130
7029999330
2169007314
8053656343
5155172269
3053744374
6614199941
2186972118
3207540093
3209482569
6233903497
9316050795
3157603360
3182543115
3133636414
6189987708
7858808393
7606775131
4043249627
4429045372
4133292997
2286798105
5033208523
6195173468
2054628396
7023208074
2097364071
2817364421
5599162698
5612717352
9542717784
5718252455
5804029327
4806027729
7814698069
5076366679
9177293594
5202050002
8018521434
9569945586
4062907368
9259498988
8126156214
9549676047
5417275143
5106603282
6016869951
8053502330
6154377179
8038756458
2109866434
3042290461
2699548146
5595709853
9717533737
8592621271
9297220905
7578023476
9365229434
3213600286
2068315074
8108357692
4846124419
8502674109
3072503100
3104484968
8037965092
7155828925
5674234440
8012847437
6098616151
8584945074
2086750947
6192579877
2677849715
2543481740
5419471985
5679351555
3474541155
2484358315
9192306525
2186980581
4104974475
6015493634
2193356529
2813788909
